ANNO 1633

0 00010000010001 1 0100010 (1)

noma, 1010001000 .

80001100 0001000 00· 1001 011001 10 110000. -6110100001011 1100-
011100οἱ 000 00010181 (10110, 01111 (1011001001,Ρο0. 11, 000. 181.

11110110 (10110 soritium, 0110 1001011110010001100100081-
00οο cardinal Barberino. 00010000 010 0101011 000110010001
0 1001100 (1οΙ mio 0000110 000 00110 10 00000010 0 01001110-
sima 0000010000, 000 10 0001100001000 (101 0001000011 000-
0000110 1001000 01110010. 010 1000 000 100011101000100000 0
0010011111 10 100 0010000, 0110 0000 parte di 000110 (1000
abita ii 810001100οΙ0 (101 S. 0111010,οο00 liberae 0100Ιο
1000111 (11 0000000101000000001000011. iii 000110 010 10000
000 000010 (11 1110,’ 0 0001000010110 0000000 (10110 00010010-
01100 0000 (101 sig. 8000001010οο 01011081000001011000010-
10100,10010110011001010 in 1011010 0000011111, 0000 000 000
00000010000011. ’

Δ Mamilio 110 10110 000000 000010 100010οο010 101 000100,
0 010000010 10001000010 0 00 continuando 001 001011001 000
10 001110 0000001110 000000010ηο, 10 Ι(00010 000 0001001110-
00000000010.000010 01 00010, 10 solitudine 000 mi (111 00-
0001000 (11 (100οΙ1 (0000001000οο, 00100 011011 001100 10101-
1000 (11 10001000010000110 01οΙ 000010 101 (11 1001010 (101
00000111 (2) 010οο0011 000 000101 000 buoni (10110 0001111111
costi: cosa 0100 mi clispiaco 00001.

limonio ii. S. 011010010, 010000οὸ 000 100000 0011100-
1000, 0100 11110 010001 10010111 01 0000001100 000 00001010
0010000010 (101Ιο 0111001110, 01011001000 0001Ιο 000110 00-Ι
0001111,01100000 0000000 000000. 1100111000 cine Vincenzo

(1) 1001110, 1000 0110 11 primo periodo pubblicum (1οΙ 10001001, Par. 11,
000. 188. 1188. Gai.. 100. 1, Τ. i, 001000010.
(8) 1110001110000.

 

