Aiiiio 1111 m
111 1111111 111111 11111111. E 11 11111, 111111 111 111-

11111111111811. 1111111111111111,111111 11111 111 noi pa· ,

ragone 111 inme 11 Luna vicino 1111 111111111111,111 em
giudioar 1111111111111111111 1111111 1111111111, 1111111111,
1111, 111 11 ’11111 illuminata 11111 1111 111 1 1111111111
111111 pii 1111111 11 111 ο 1111111 1111111, 1111111111 11-
11111111111111111 minore 11 111111 11111 111111111111 potin
aiiu'oongiunzione, 11 1111111111 1111111 11111111 11111111
1111111111 111111111111111 111 11111 1111 11111 1111111
11111 1111111111 111111 11111111111111111111111111 11
1111111 11111 1111111111 11 1111111111 11, 11111111111111-
11111111111111111. signor· 111111, 11111111111 11111111-
11111 11111 11111 11111111,111111111111 111, 111111 111111
quello 111 11 11 1111111111 1111 11111,1111111 111 111111
in Tem guardaie ii 111111111111 Terra 1111111111111
11111111 11111 Luna, 111111 pur 1 11111 11111 1111111-
11111, 1111111111111 1 pario quello 111 vi 11 1111111111-
11111 1111 1111111111 voi 11111 1111111111 11111 111111-
11111111 111·11111111111111,1·11 11 1111111 poi 11111 1111111
111111111111111111,11111111111· 11111 Luna: 1 11 11111111
’11111111 1111111111 1111111111111111 1111111 motin-pii
1111111 111 11 Luna inconditi 1111111 11111 1111111111
111111111111111111 1111111 11111111111.111 111111 111 11
siaonia aperienti 11 1111111 1111111111, 1 1111111111111
1111111111 11 111111 11111 prima 11111 1111111111. cossi
111 11111 11 1111, 111 11 11111111111111111111 111 1111111
1111111, 11 1111111111111 11 pii, 111 11 1111111111 1111-
iiii, 11111 grandem 111111111111111111 1111111111111·
11111 pii 111111 11111 11111111111111111 11111111 1111111
osirim 111111111111111111. 011 111111, 111 111111111-
111 1111· comptem 111111111111111111111111, avvongachi
11111 1111 111 11111111 pini 111 mezzo 111111111111·
111Ιο, 111 1111111111111111111111111111111111111111111-
11111111 1111111111, 1111111111 1111111111 11111, 11111111

 

