11111111111 111

11111111 mutem! 11111 1· 111 1111111 111111111111111111 (11111
di 1111111.

1111111111 11111,111 1111111,1111111111 ................ 111. 111
,111111 1111νί11111 11111 1111111 11111 1111 11111 1111 1111111111 111
1111 111 11111111. (1111111).

11 11111111, 11 Padm, 11111111 1111 ....................... 1111
111111 1111111111 111 11111111 111 11 111111, 111 11111 11 11111111
cuim 11 1111111111 1111111 11111. (11111111).

111111111111111111,11Ρ11111,1111111111111111
sl 1111111111 11111 1111111 1111111111111111111, 111 11 111 111·

1 nummo 111111 1 num, 11 Pedona, 11 111111 1111 .......... 1 111
Lo 111111 111111 11111 1111111111 111 111 11111111 11 8111111.

1 emam 1111111 1 hm, 11 Pam, 11 ,111111 1111 .......... 1 111
Promo 111 numu 11 huon 111111111111, 1 (11111111 111 11111111
11111111111111 1111 111 11111111 1111111.

1111111111 vum 1 1111111, 11 1111111, 11 Aoum 1111 .......... 1 111
1111111111 11 111 1111111111 11111111 1111111111. (1111111).

11 11111 1111111111 cuno 1 111111, 111 1111111, 17 summm 1111. .1 111
ln 1111111111 1111111111 11111111111111 11 un 1111111111 111 11·
111111 1111111 11111 11 111111 1 1111111111 (11111, 11111111 111 11111111
111111 111 11111111 111111111111 1111111 111111 1111111, 111 ogomu-

1111 111111 111 111 mento ogni 1111111.

1111111111ἠ1111111111, (1111111111, 1 0111111 1111 ......... ¹· ¹²¹
11 11111111 111111111111 111111 1111111 1111111 1111111 1 8111111111
1111111111 11 11111Τ111111111, 1 11111 11111111111111111 ohe
[111111111111111111111111 in 1111111 1111111111 111 1111 111 11·
1111111111.

1 mmmmm 1111111111 1 1111111, as· Firmo, 11 onom 1111 .1 ¹¹⁶
11 timui· 11111 (lanzone 1111111 11 111 11111. (meacm 1.

1 11111111 11111111 1 Prota, 111 Eiram, 11 umbro 1111 ...... θ ¹·
11111 1118111111 11111111111,1 1111111111 111111 1111111111 10110
1111111 11111 1111 111111 111111111111 111 mon 11111111. .

1111111111,1111111111,1111111111111111..........’ ......... ’m
1111 111111 11111111 11111, 11111 11 11111 111 11111111 111 num·
11111111, 1111 11111111 111 111111111111111 11111 1111 11 voum·
11111 imponunto 1111 consumatum 1111 11111111 commo·

11111111,11111111,11111111111111 ..................... »θ’
11111 11111 1 11111111 1111 collegio Romano abbiano 1111111111 V
1111 Ι 1111111 11111111, 1 11111111 111 1111111111, 1111 11111111 U
nmmum 1· 1111111111.

11 mn 1111111111 euno 1111111, 11 1111111, 11 mbr· Μ’· ’θ’
111111111111111 111 111 17 111111 ,1 311 1111111 111111 111
1111111, 111111111111 111111 111111 1111111111 11111 mmo

11 11111 nmmo 11111111 1 1111111, 111111111111 nomm Μ
1111111111 11 111 11111 111 1 [1111111111 11111 11111 1111 cm

turmog- 111 11111 1111111111 11 111111, Numestium
1 11111111 11111111 1 11111, an· Firmo, 1 6111111 1111. 1 0 nanda

 

