11111101110 111

neuin· 11 111 1111111111 11 questo 111111 giorno 1111 1111111111 11
11111111 111111 11111111111Δ

1 1111111111 1111111111111111111,1111111111111111111111111.111 111
1111111111 111 111 111 1111 11Μ11ῶ111 11111 lo 1111111 1 11111

1111111111 Ρ1111.(111111111).

1 ummo mecon 111 11111111111111.11θο1111111ο1111 ............ 1111
111 il 1111) 111111 intorno 11 111111 (11 11111 1111111111111111.

11. 111111111 1 1111111, 11111111111111. 1 1111111111 ............ 1 111
Pron 1111111111 neno 11 1111111111 1 11111111111 11 flou 11 11·
11111 111111 1111111 111 11111111 111 11111111 11111111.

1 mm 1111111 1 11111111, 111 11111111, 11 111111 1111 .......... 1 m
11111111 1 111 1111111111 11, 1111111111 111111111111 11111111
11111111 1111111111 111 111111111 11 11’111111111111 11111 11111
1111111111 11 111 Petronio 111111111111111111 mutuamina, 1 10
111111111111111111111111 111 1111111111 0111111111 1 111111-
milla 11111 111 1111111111111111111 nell· 11111111 1111111 unm
11111111. (11111111).

11. musmo, 111 1111111111, 1 April« 1111 .................... 1 111
'rom 1111’111111111ο 111111 prendente.

11 numu 1111111, ai 111111111111, 1 1111111 1111 .......... 1 111 ·
1111111111111 111111 1111111111 1111111111 11 parmene 111111 1111111
1111 11111111, 1 1111111 11111 temperamenti por 111111111111. (1111111111).

11111.11111111111 111111111111 Em, ⁷ 111111 1111 ..... 1111
111 1111111111 11111 insomnium 11111111. ohe 111111111111 huma

, 111111 tronto 11 11111111 ,111 11111111 11 1111111111, 1 11 pm·

11 11111111ῄί 1111111111 1111111111 intorno 1 111. ’ ,,

11 emm monum n, 111· Firmo, 11 1111111111 .......... ’.1 111
1111 1111111111 1111 progesta 111 1111111111 Comum 111111
1111111111) 11111 11111. , .

1 mm imm 1 nolani, 111 rcum. 11 membro 1111 ........ 1 111
1111111 1111111111111. (1111111111. ,

11. 11111111, 111 11111111. 1 ammio 1111 .................... 1 111
111111111111 1111 111 11111111111111. 11111 111111 11111 Ι1111111111
1111111111111111 111111111111111111111111111.11111111111.,’

11. 11111111. 11· Firmo, 11 11111111 1111. ................... 1 111
eu 111111 11 1111111111 111 11 copto 111 1111111111 (11111111).

st 11111110, 111 1111111,11.1111111111 ...... ·............1..«.1 111
1111111 mm· 11 1111111111 piu 111111 111 1111111111 1111111111
11111 11111,111 praga di 11111111 1111111111111111, 111 1111111
111 11111, 11111111111111 11111111. (11111111)

 

