G 11 0 101 0 ὓ 1 CO ³87
1 111111 1111111 1 1111111, 11 Damam, 11111111 1111 ...... 111. 111
Puri· 11111 11 111 111111111111 11111111111111 111 11111111 11111111
11 novo 111 11111 (111111111 111111111111 11111111 11111111 11111·
mm. (111111 J.
1ι 11111111, 11 Dauom, 11111111 1111 ..................... 1111
Gn 1111111111111111111 11111, 1111111111111111.
111111111111111111111111111111,111111111,111111111111 1111...1111
nummo 1111 11 111 11111111111111,11111 11111 1111111111-
11111 11111Ιί11. ’
1111111 11111111 1 1111111111· 111111111111 1111111111 1111 ....... 1 111
numnam 1 111 11 111111 1111111, 1111 11 1111111111 11 11111111
11 11111111 mmmmm 11101111111111, 11111111111111111 P*
flmd. (m).
1111111111111111111111111 11111111111111111111 1111111111 1111. ,1 111

11111 11 11111111 111 1111111 11111 1111111111 11 111 1111111111 11111-
1111, 1111111 11111111.

1 111111 11111111 1 11111111, 1111111111, 11 &nmio 1111 .......... 1 111
Lo ringruh 11 11 plion 1111111111. (11111111 1.

11 11111111, 11 tirum, 11 oemio 1111 ...................... 1 111
11111 11111 1111111 111111 11111 1111111 precedente. (1111111).

ΔΙ· mum di Firma, ⁸1 0111111111 1111 ...................... 1 111
Si 111111 1111111111 1111111111111111 11111 1111111111. (1111111).

111111111111 tinne, 11111111 1111 ....................... 1311
en 11111111 11 1111111111 111011111111111, 1 11 libro 111 mmo, 11
11111 1111 11 11111 1111111111. (laodien).

1ι 11111111, 111 11111111, 11 mu 1111 ....................... 1 111
[1111111111 1 111 11 111 111 11 1. 1111111 1 1111111 111 nepum
1 111 (1111111111, 1 111111111 111 11111111 11111 11 nuno 1 ri· ¹
11111 111 11111. (mvn).

1111111111,111111111111,111111111111 .................... 1111
nummo 1 111 11111 111 11 11111111111111111111 11 11111 111 λ

11111111 nultiplicata 1111111 11111111 1111111 1111111111. (11111111.
11 mmo, 11 Fiam, 17 Loutia 1111 ....................... 1 111Ι

1111111111 1111 111 111 11 111111 11 111 wchlo 1111111, 111

un 11111, 1111, 111111111111111111, 111111 111 1111111111 11111111
111 1111111111. (11111111).

111111111111111111111,1111111111111. ....................... 1117
Segnia 1 purim 11111 1ω1111111111111,1111 1111111 nn 11111 11
111111 11111111111 11111111. (1111111). ’

1111111 111111111111111111111111, 11 &nonaum-do, 1111111 1117.» 111
811111111111111111111111111111111 11111 11111 111 11 pensionem
111 1111111 pul· 111 1111111 11111 11111111, 1 11 111 11111 opponi·
11111111 11111 (111111.

1111111111 1111111, 11· Firmo, 11 Apono 1111 ................. 1111
Gli 1111111111 (11111111 stanno 111111 1111111111.

11 11111 nmmo 11111111 1111111, 11· venumda. 11111111 1111.» 111
11111 11111111111 11111111. .

a 1111 11111 1 11111111, 1111111111111,1611111111111 ..... > ...... 1111

 

