72 LETTERR 111 mutuo

0110 11 10110111011010 11111000 010 111101111110111 001111110-
11101011 (1).101111000000111101010,100101001011118101110-
111101 1111101011 10110 100010 mie, 111 11000 1010101000-
110, 00011000 101100 001 0101001111 0101111011 111110; 001
0110011110101101111 101 011010. 1100110111 1001110, 0110 10

110 001100010110100110110 10100 011101 1111100111, ohe 1111-
1011011 nuova 10101111 10110 1011110010 (10101111 1110110111
10011111 001 00110111001101101011110111 1000 00 01100 001
11 sig. 11010ιο0010, 0011011 1 11111 perun 1010100010. nolti
1100111110 000 101110110000111 mia scritum 0110111000ιο
1110100111 0011 011 101011101111011001111011 sig. 1111011110,
1001100 110011 1001100111 01100 00111εο0010οῑ0 quanto
0111110. E 001 11110 1110111010, insieme 001810. 111ιο1110, 1·
01100.

P. S. Godo 11 0110 giomi in 001 qui appresso di 1111
1010101111011 0001011011000 del 11. R. P. 1100100101ιῦ1·
1111011, 0101011110010110 studio di 101οο01, aner 11111111-
111, 11 1001100011 111010010 010110 la 111011, 0 1011 010111
11111 101 1011111.

(1) 10 un 0110101110 (11011 111 111 01000110 11 110111) (10111 1011011 1 111·

111111 11111101 0111111111. 00111 11110111 1110111100111101 111 11110010 1111011

1011110 1 0011111 10111110 110001 «1101111100 11 01001001 1111100. porche

11101110 011001111111110111110 110000 0010 101 100 11110011 110111 1001111111

11110111Το111 0111111 111 (1011010010, 10 00111 001 100110 ln 110001. 11101010·

111010 (11 simplicio, 11 0110 1111111111 11101, 010 1000 11101110, 010101·

0 11011011 001010 00010 000 uno 1111001011 01011011 10 110110, 0110 11001

- «compatione. 1 11010111 0110 11 11011010 (11 101110,0011111001111111111
(1 Ρ. 0111101.

 

