111110 1631

ni. §innon ennunniiin Δ timui

Areein', 9 1111111111 1637 (i)

1111111111 1111111 11111111 11111111 11 111111 1111111111, 111
111111 11111 11111111 11111 11 11111111111 1111111111 11 111

wwmm

1: 11111111 11111111, 111 V. S. 1111111111. 11 1111111111
11111 11 1111111111 11111 1111111111, 1111 111 111 1111-
111111 11111 ei 1 111111111 11111 11 111111 1111111111,
111 11111 1 111 1111111 negare 11 11111111 1111 1111111, eine

1111 111 in 11111 111 1111111, 11111 quein 111111111 11-
11111111 11111 proposito 11 111 1111111111111, 1111 1111· 11-
11111 111 11111111 intorno 1111111111111111111111111111·
11111111, 11111111 111 Morino, 1111 11111,111, 111111, 1
1111111111 11 11111 1 11 mero 11111 111111 1111111111. 11111-

11111111 Morino 111 11111 111111111 1111111111 11111111 1
111111 1111 1111111111, 1 111 1111111 11 11111111111111-
1111,11111111111111111 111111111111 111 11111,111
11111111 (ii riieggerio poi 1111111111111111,1111111111111
1111111111 111 non 1111 1111111111 111 termine 11111 11111111
111 quie 111111111111111111 111111111 11111111 signori
(1111111 11111111 , cine 11111 pc 11 11111111 1111111111 11 11111
111 uin, 11111111 111 grandissima nnnmimionn, 1111
quoei'nnno 11 nmen 11 11111111 11 1111111111111ζ1
11111111, eine io 111 1111111111 11 111 inventione 1111111

(i) m 1111,111.11,1.1,1111111111111111·1111111111111111
ηωοηη..ιι111111’1111 1111,1111111111111111111,111111111
111111111111111111111111111111111111111181111,111111111111111
111111111111111111111111,11Μι1111111111111111111111111
ὴτΜϋωΗΙΜ-ὴείῦπᾶαωωμωηὴεάὴιμκ
eniminum-menei·moneamini-mnu.
ηπ-Μὴαῦιὶοιεᾶὴὼηομᾰω 1111111111 1111111111111
11111111111Η1111,ώ11111111111,111111111111111111,11111α11111.

 

