111111 11111 111

11111111 111 1111111111 ;1 1111111111 1111111111 11 111 11111·
11111,11·11111111111111111111111111111111 11111111, 1111111
11111111 1111111111111111 11111 11111 11111111 egli 1111
11111 111111111111111111111 11111 Luna, 1111 11111 degli
1111111 11 11111111111111111 1111111.Ε1111111111 1111111
mvi 11111111111111111111111 11111111111111111111,1111
111-1111111 1111111111111111111111, 1 11 giorno 11 giorno 11·

111· 111111111, 111 1111 111111111111111111,111111 1111111111
1111 non& 11111 ohe 11111111111111, 1 111 11111111 11
lm· 1111111111 11111111111111111111111111, 11111 111-
1111111 111111 1111111111 1111111111111 8111 11111111 111
111111111111111, 11 quale 11 sera 1111111111111 1111111111
1111111111111111111111 1111111111, 1111111111 11111111
1111111111111,1111111111 11111111111111111111111111111111
splendore 111111 111111111111 11 Tem: 111111111 1111111
11111 1 1111 giomi 11 quadrato, 1111111 1111 Terra 11 11
1111111 111 1111111111111 1111111111 1 1111111111 1111111-
unni 111111111 111 8111111 11111 111111111111 111·
1111 11111111 111 11111111111111111 finalmente 11111 op·-
111111111 1’ 1111111111 111 11 figura 1111111 1 11111111
1111111,- grandissima 11 1111111 11 Terra 11 111 1111111111·
1111111 veramente mi meraviglio 1111 111111111111111111
sug. mooli 1· 1111111 11111 11111111 11 contemplare 11111-
111111111111111 1111111 111111111111 11111 1111111, 111
11 111 qm! ragione 111 abbia 11111 11111111 11111 111111·
11111 11111 111111111111111111 1111111 Luna 11 1111111
1111111, 1111111111 11111, 111 1111111111 11111111111111111
1111111111111111111111 11111111 1111111 1111111111 111
11111111111 Luna, mentre 111111 negocio 11111111 111·
11111111 nanim puntualissimamente. 11111, perona 111111
upra 11 111111 1111111111 11111 Tem 1111111111 111 Solo,

11 Lm 111 111111 1111111111111111111111111111111111 x

uh 1111 continuum 11 111 1111111, 1 1111111 1 11111
11111111111111111111111111111111111 11111111111111·

 

