224 LETTERE 111 (11111110

111111 11 11111 11111111, 1111111111111111111111 111111
1111111111111111 11111111,1111111 1111111 1111 11-
111111 1111 impedimento 1111111, 1 solo 111111111111 1111
1111111 111111,1111111111111111111111 111 11 111 11
11111111111111111111 Sig. 1111111111, 1111111 111111 11
1111111 11111111 31) 11111 1111 111111 111111111, 1111111
111111 111111 11 1111111 111111 111111 11 11111111, 111111
111111 1111111 11111 1111111 1111 11 111 11111111,1111111
1111111111,1111111 1111, 111111 1111 11 1111111 11111
11111111111111111111111,11 legno 11 11111 11111111
1111 1111111, 1111 1111111111111111 111 11 98, 1111
sommo 111 1111111111 1111111111 11111111111111111111·
111111111111111111111111 11111 11111111 1111111111 11
proportione 1111111111111 11’ 1111111 111111111111111 1
1111111111, 111111 o 11111111, 111 1111 111111 111111
11111 1111111111 11111 gravio 1111, 11 11111 1111111111
11111111 111111. Ε 1111111 ὁ 1111111ιεί11 111 1111111111
11’1111111111,1111 11 11111111111111 11 1111 1111 11
11111111, 11111, ohe 111 11111,11111111 11111 11111-
111111111, 111111 111 11111 1111 111111,11 1111111111-
11111 111111111111111 11111111. 1111111 11 111111 11 111-
111 1 111111111111111 11111111111 11111 11 1111111111
1111111 essendo-stato 1111111111 111 811111111111111111111
1111111111111, che crescendo 11 1111111 dobba 11111111 11
1111,11111111111111111 11 11111111111111111, 11 1111 111
1111111 111111 111111111111 111111 1111, 111-1111111111
11- 1111 1111111111, 11111111111111111 11111 11 111111,
111· 111111 agli 11111 mobili naturali.·oioo 11111111 1111·
1111111111111111 11111 11111111 111111 1111111 1111
1111] 11111111, 111 111111 1111111111111111 11111 11111·
111 (como 111111111111 111111111 11111111111)111111·
1111 11111111111111111111 11111 11· 11111, 1111Ιί 111-
111111 11111111 1111 noque 11111111111111 1111111111,
1 1111 111111 Sig. 1111111111 1111111111 queso 11111111-

 

