196 LETTERE ‘ol ederedo

senii: 113133 1333313 333 33333 3333, 3331 333 311331 33
33313333 3333113333 13113 133 13 possibili 3331331331, ia·

’ 33333 33333 31 331 quelle 1331331331, 3133 13 333 3113333-

333333311333131 333131 113333311313 133313, 3 33313 31
313313 3333313, 13 33 mutando 13 13113 13 moriere possi·
13111, 3133 3313333313 alquanto 333 3113 333133 33 333 3113
31313133, 333333 313333313 33 333333333313, 3 finalmente
133113333313 333 33333 13 333133, 333 33333 13 31313133 3331-
13. Τ3113 queste 1331331331 31 3333333 1333 33113 133313
33113 Luna, 3 13 33333313 grandi e 33113133, 333 13 333113
3133333333, 31 13333 (3331133133 3333313 333313, 3133 13
3133. 133133333131 piir 333 3333333 3333331313, 33 3 3133
queste 133 diverse mutezioni 33333 133 3133331 periodi 2 113·
3333331331333 31 33313 31 31333313 313333, 3 eod 31333
33 erere ii 333 periodo diurn03 13 3333333 31 ve 33313333
31 mere 13 33333,33133 11333 periodo 133313333 13 13333
133 11 333 periodo 33333, 3333333 11 quode 331333 13 333
3331331333. Or 31133133 13 1131333113 133133 11333333313·
31133 331 3333331333 1333311133 periodi Luneri 33133 pe
riodi 313333, 33331333 33 33333 3313331133311 dei 133333,

3333311 per 3313333 33333333 31 13111 13 Luna d 3311133 3-
3333313133333131

voglio 333 per 333131 133311 333313 3313 333313 333-
33, poiche eoprepreoe 13 33331333313 33 importuni do·
ieri di 333133, mi d 13333 3333333333 331 13113. ui 33331,3
31 3133331 31 me 33113 333 33331331; mentre io 333 rere·
33313 3113113 13133313 13 13331.

 

