380 iiiiiicii GENiinnLii
110011010101 001 001 101017, 10 ringmin 0011· 1110011110 0111001-

010 neila 01000 001 000 1111011000 1110100011110100110).

1 110011100110100111101101110010, commonionem 1001. 1100. oo
1110000111 10 0110 1011011 01 00ωο1010010 0011111011 011 1000101011,
ione 000 10 invencione 001 Connooeiiioie. (1100011111.

1 111101110111111, 01 Veneno, 10 00110010 1110 ................ i 11
Paria 00110000 00000110 001 01010, 0 0000101010οι0 001 10101110 01

11. 11011110, 111Ρο0000, 11101010101011 ..................... n 11
1011001οι ee 001100 denominare 00100101 0 11001000 sinam Pinneti
00000011 intorno 1 (11000.

11. 11000110, 00· Venetia, iniiam 1110 ...................... 0 11
111100110010001100111001108100100, 0 0111110110 0000 11 0110
10111100. i 11011110 i. .

11 110ιο110, di Pedona, 10110100 iiiii ................. , ...... 0 11
100001010ηο 000 000010 00000011 001 000 Nunnio sidereo 0 on
01000001111000 00000011101 11 (10100001, 0 0111000 010 1110 000.
00000110 010 0010 11 010 010011 00 001001 00101101111111001101.

11 01110011 100110 11, 00· 1100000, 11 Hono 1111 ............... 0 01
iiii 10001001ῃο 00111 presente ii Nunnio 81110100 0 11010000011110.
0110011 1111010110·οω menno 001 8001011110 Vinia, 00υο aninmo
00111 0100010010 01 0110010 0100001010 giorno. (10001101.

1101101010 011011 1 1110000, 01 1100000. 71100010 1110..; ....... 0 00
Dion 0· 1001 inito. 1 0000100110οο10 001 0001100010111, tie 1111001 0011-
111101ιο 10 10010011 001 Pinneti 11001001. Parin 1 lungo 0 gii 1110001οο
1 111011 0011000000, 10 quoii 011 1000111000, 0 0110 00011 oi 01111111ῑὲ
0110, 00 11 (11100001 01100001100010 11 0110 0000100000 000ωο011
10110 0000011010. 11101010 10111 0101111 110010110110 01 000011 10111111-

01, perche dieo 01 000010 in 001111100101001010 0 00110100011000
0110 0101011010 00110 eun 0110.

1 1001010 1 10001010 00110, 11 Vanesia, 01 nonno 1010 ........ 0 noo
Aoeompngnn 110000 000110 01 (1110111110 1100100111, 00110 0011111
110011 11 00110010 1 13001100 11. 11000110). ⁴

1 11101110, 00· 1100000, 01 1100010 1110 ..... , .................. 0 101
Parin 00110 000 10000110 0 01 0100 do· 01101 00011110111011. (Min).

1 111101110 011111 1 1110010, 01 Paeona, 11 1100010 1111. ..’ ...... 1 101
100100 0000100010 00111 1000000100 01 0000 Vinio 1111 001 001
giorno 7. (11100110).

10 1001101110,00·Ρ(10000, 1111110010 1110 ..................... 1 101
1110001100 1 0011111 00111011 001111100οο, 0110 gii 100001 11 001·
0111000001 negotio 10111100 11 100 1110100 1010001111 eoiio iiioen-⁴
010 01 1001 nendi 1101001101 110110. 0 00110 01110 000011100111 0100
111111000101110010.100001 001 nn' 1011010011οω 01 000 000110 001 00110
1000001010010, 000 0001100000010 11 0000111 01110 0011101110 001
10010110 1110101100010 000 00010 00110 0011 00110 0010110.

1111001000 0100111 111110οι0, 01 Peneon, 11 1100110 1111 ......... ’.1 iiii
Porio 01000 00111111 0010 0001100Ιί 011 1111011001ς 00010011 000110
011100010111Ι 00110 000 00000010 0010011, 0 0110110 0001001111 1· 101001-

 

