1010 11131

l 1011111110 nmio A AMSTERDAM

Aroetrr', 0 (1100110 1637 (1)

1111000100101111 101 101 1 111110, 11 001 110011111 1 010. 1011,
110111101100101101111101000111 111101100110 00111 101 so 11011-
11110, 1100110111010. 115, intorno 11 0111101 010110. 10111 in-
ventione 00111 111101101001010111 longitndine.

10110010 00111 00110111111010 benignissima 1011011 11
V. S. 1110111111. 00110000001101 10011111. 0 1011111100
510111111οο 01100110, 1011110101 11010100 1110110 0111111100,
. 0001110011111100, 01 01101011111100110100, 11 10011111. 810001
Elia Diodoti 11 1111101. 000110 011 1000 00110001010 101000,
0110000οο110 0010101000010 0010001 11111111, 010111οι0
011 10111000 noll· 0001110 101110, cho mi 100110 Ι· 010 10111
visto, 000 meno 0110 10 1010111 101 10110 010001 0010 1010
1111010110101111011 10011 orchi 111101. Ε 11000100 1110 1011
0101000 0110 11111 01010011111110 1011001 100110 11 110
01011 10 qus, 0011 mi 100110 11 presente 11 001010 10110010
0010 001 011011. 0010 001· 1110 quella maggior 10111111-
11000, 0110 11 0110 11011110100110010 101 001010110, 1 V. s. 11-
10111111. 0111 1100100110, ho proso 0111110 11 101110101
1011011,10 01010 00111, 0110 11 1011 11100111 10111 001101-
0010010810001101010. Ε 000110 10101 11010 opponam.
1110010, 001010 10 domando 001100οῑ0 00110101101010101000
11110110.

’ 111 111111 V. S. 111011111111010101001111 110111010-
00111 1011110111111. 0 10100011. 01110110110110010010 1101·

10, 0 000111 011010 11111 0111100010 0 1001001100010 1100-
1011, 0110100001υο 1001111 0111 100101110, 0 0110 011

mano 101 810. 01100110 1100110101 00011 10111 risoluzione 111
0111 signori illustriss. 0 1101001111ἰωὶ, 11 001Ιο 0010000101

(1) 1111110ηο 11 Paron, 100. 011, 010. m.

 

