ι 3333 3333 ' 333

13 333 133 33313 pensiero di pubblicum 333 13 3133333
333313 mia setinum: 3 3333113 313 pensiero suo di 3313313
133 3313131133 insieme 333 13 sue 31333313, 333 13 333333; ma
3313 31 33313333 3133 33331 3333 3133 1313 mia 333111333 33·
(13333 331131133133333, che di 333131133333311133 3131313313
di 33 signore grandissimo: 333 quand* 3113 3131331333133
3331113133 13 3313 31333313,13 33333 33313 31133333 13 333313
333 3331113, 13 3313313311 13 31133 133333,1331331313,33 3331
13 3133331, 3131 3333331313, 3331333333331 3333 33313133 31-
133 33331133331333 33333 13 3331333333331331, 3333331313
11333333 3 13313 3131 333113313333313 313313333 333113, 3133

⁴ 3313333 3333313 (13333 31331131·3333313.11133333333333-
’ 313313 3133 331 333, 3133 3131313 3331113 333 333331133 1311333
33333 33333 pensiero 111 13313 3313131133, 313 3333313131131-
33313313, 31133333333 3133311313, 3 3333 [3311331333113133
1311313 311 3133333133 3 3331133313 333333 33113 33111331 (1333131
333113 313 1131 333 331333 13 33133313 3313 3 3331133 3 331.
1313 3 11 3313 33333, 33333 (13133313 3333113311 11 333 333333.
Quanto 3113313333 (13111333131, 31333333 33333 3133 3113 333
333 33313313 3 3333333111 313 33313313, 3331 1’ 33313333 3133
33331 333333331 333113333 3333 3133333, 33131333 31313 da 131
31 (13113133, 333 13331333 333333331 1333331 33113 313333333
3113 11333 31333133333333111.1133 3133 3333331313 3 333333-
333331 111333 13 313 333 3333333313 31133313 33333331333311

3333331313, 3331313 me 33333333 31 3333333331, 133133·
31333 11133333, 3 13 31333113 111313113111.

 

