,111110 1638 217

me di 01001111110010000,011011“1 101101011011110 100011111011
00010 0 10011, quando 001110 10111 01 00010 10110 00011-
11000 10011 01111, 0101 000 0111 degli 11111 110010111ος 101
01100111 10 010110 0 010110 0100110110100 1010 00110 10110
0101100111 10110 0111 1011000, 11110000 0011011001111011111
100 00110110 00111111 10 00110001111101, 10 000 0110 quello
0110110001 11110101011110 11 0101001001οο 010 1011 1001-
01011101110100100110001 001 anche in tante 1110111111
1110001010, 01000111 110110001111 serebbe 11 101010 000111-
011100110000011111 101 1011100.

611001100011 001010 110011000010 11011101111000101
01101111101111000011 01010 01110011 (1). 1110010110 10110110-
1110010 V. S. 0101111101110 10111 010εο110110υο 0110 00 111
1011111010 00010 111· 11101111111010 Sig. (1001011 11οο11101,
101 00010 teugo lettere 11 11111011 101 01010011110110,1·0101
S. S. 11110111111100 gradilo 00111 11100010, 101 0110 resto 10-
1010010010 00010010 0 1011111οῑ10, 0 100110 0111110110 111. S.
1100 011100000000110001 signori Elzeviri di 111011110Ιί11-
mi, e 10 00110 111010 10101101 11 1010, 0010111 101100 01 010
1111000 bo 000011010 qualche 00101111 11010001111101110110
101111010 0 11011100 50100111, (10 1010 0111 01011 10 0111110011,
0110110010 0111010 mie 000111111011010010 101010110 (2); 000110
1010010010 101 0100011011 11 110001110111111 011011 11010
11010010, 0 11 1010 1111010 procedere 10110 11 1010, 10101010
quest· 010 01010 11001110 000 110000 0011111 1010001111 101-
11100 0 101111 00010, 0 0101000 10111 10110 101111011; 001
101110 0100011. S. 1001111101110, 0110 000 110000 0001110οο
11011111101110 100110 11001111011 questo, 0110 0 100 0110 1010
ww, 10011 011010 00111 0101001110 10 10110 mie 00010 01

(1) 1010010 1· intitulatione (101 1110100111 10110 110010 8010010, che 011
meme 10010100001111111110100010 10 1110 0 0101001110011110111, pag. 1111)

10 0011110 0 (00011010, 010 11011100 1’ 01011 imaginato.
(1) 1111110110 11 1011101000 001 101 1110110 011000010 1 tempi contrerj

0110 110110011οο1.
(110110011011- Τ. vn. '28

 

