316 LETTERE 111 nomano

11010 0011· 1111110 11011111, reati servitani 11111111 (111111-
11110 1010 purissimo 1 devotissimo: 11101011111111 si 11111111
1111110111111 1111011,111111111011010 11 101 110011 1
1111011,1 11 11 11 101 (11101010 111 1010 1101101010 101111
11111011011110010111 101100111 riservarrni. 11111111010 00-

111110 11 speranza 11 mio 11111111011111111111011111-
11111, 11111 pensando 11 qualche 1011 potesse 11 nuovo oa·

dormi 01111 11011111, 0111 10111 1110011111011001110 11 V. Δ.
81110111101,11111011100111101011 1101111010101 111010 11
111111 111010 11 1110 1100110011 11110111.

-0—

Α 1111111111ῐο Gummi Δ mim

.’ , ., 1101111, 11 (110110 1111) (1)

’ ‚Leda 011111 101 111111011 intorno 11 010101110011111111111100.

1101111111 1111111111 1111111011111010 P. 111111 (11111111
mi 11111111 gran consolatione, 10010010 10,·011011100
1110100101 000 1 1111111110 oome 10 101010111110010, 1
11010 1011111011 1111 11 0110 00011010, 11 101 101111111 110-
1111 100011 godone qualche tempo (11111 1010001111 ogra·
11111101 1001111111001.

110 1101111 11101 10111101110 proposito 111 11011111 000-
1111110 11 11100111 lungo tempo: 11 101111001110111 11
11111, 1111 110111 111011 1 1101110, mlo 1111111111111111
011Ι 11100110 100110 11110111101 11110011011, 11010101011011
011 111101 (1011 volero! 1110111111 1111 1111111011 1111101 111
11 imputationi, 011 1111011101011 11011111 1110001111 11
1001 11011 11110111. L’ 0111111011 1 11111 1101111 11011111 11-

10, 110101011 pensiero, 1101 11111 111 111 11111 111011·
111111 1110011 lodo.

11) Venturi, Par. 11, pag. 111.

 

