ANNO 1632 11

di 11001 1101010 000 1110111011111111000011111110,11001110 10
10111111 11100111 111100100111101 1111110151011 1101101111 100-
0011110. 10 1101010 100010 11 10110 ammirabile, 0 1 10101 11
emo: nnn mi parendo, 10 000 0101000010 0 conveniente·
00010 10110 11 non 1010101101 00111110 001 presente 111110,
10101010 10 pomona 010 11000111 considerazione.

So mi 1000010111 1101100010 111 1111110, 0111 quanio 111010
10 0111 11 mio 1011000011 10111000100110001010 01 ahimo-
0101111 0010111 prudentissimi 0110111111011 10111, 0 (100010
01111101101101111Ι 0011111110ῐί 11 (10110110 11101101000100110
10 0011010101100110 10000010, 0 opinio 0 1000101 11 prima
1110111, non 1101 1010 (11 111011, 0111010110 000 000110 11
(1001100111 (1110111 Ι0111111000, ma 000110 0111 10110110 min.
io non 1111 1101101 1000001110111010101110 10011010, 0110
mi 11 1011010010111110101101101010 101 1010110 01101 001111ος
0 11010 111110101010001010110 non 101110 11 1101011111 00-
011101οι10 noi modo 11110111111010. li 0111 10111 0011011111 1010
11110011 1101 soritium, 0 1101011111 1110110110101101111110
11111 min 1011010111, 1101 1101010 gii 10110, monim 10111-

110010 0110 1001110 101111000100001111110110111101011110, ·

0 1010101110 1111110 01 010 10001110 (00 1101 10111 01111110)
gii 11111111 1111111110 1101101111 0101011 1101 1011101 (1101 quanio
10100).11010.1100010 informationi? Ε (1110010111 min 10111-
101100010111111001100111101101 initi i 01111 101111 1 (10011
011100 monna imputatione 0 11001011, 1101101100 0110101
1110110010 10 1101001011 1111100111, ‚nin 10 000 0100101111
1111001010 (10101011110 mi 1011011. 1101011110, Emineniis-
simon 11010101111111010 mio Signore, 0110110111 011010 cino i

1111100010 1010110 1101111100 1100110010 (1001 101ωο11110101101001011111100.
E 1111110111, insigni 1101 11 111011 0 10111101 01 10111010 101011110111100011

· 11 1111110 01 nmini 1001, 1111111010111001’11011110010 1181101,Ακ1010

110101001οΙ, 0 iiio. 11111111 1110011101 00101001011111100. 101 ‘iunii ri·
10111111 110100 111 001110 11101010 (100110 nome. 111 1001011 1111011011 nitri
01111 1101110111 11110 nne 10111010,11111101011111011101011 11 1001011 (11· 000
poeni 1001 11010011. 1100111001 0111011011 1111101100 iwanno. 0 110111 0111110
11 111010 1* Urbano 11 001 011 i· 101100 0 111111111110.

 

