398 11111108 (immi-E

Amvmwummssmmnsemmimumm
wadn‘nnmplmdnmowhlomdollouumm

111111111111111111111111111111Λ11111111111111111111111111
(111111111111111111111111111111 11111 dium 11111111-
1111111 11111111 11111111111111111.

1111111111111111111111,1111111111,111111111111111 .......... 1111
11111111111111111111111111111111111111

111111111611Μο111111,11111111,1101111111111 ......... 1111
1111 111111 11 1111111111 111111 1111 01111111, 1 11111 111 111
111111111111111111111111111111111111111111111111111111111
1111111111111111111111111111111. Δ

11111111111111111111, 1111111111, 11 1111111111 1111 ............. 1111

1111111111 11 manto 111110111111 11 111111 1111111111 11 11111
nonno 1111111111 (malm 1.

1111111 ummo 111111111 nomn, 11 Arma, 1111111111 1111.» 111
1111111111 11111 111111 11 1111111111 1111111111111 11 11111111
11111111111111111111111111111111,111111 1111111111 111 1111111111·

iffi, 11 1111111 1111111 1111111111111111 11111111111111111111111
1 1.

11111 1111111 1111111, 11· Arum, 11 membre 1111 ............ 1111
1111111111 11 1111111111 1111111111 11 1111111 1111111 11 111111111
11111 1111111111, 1111111111 11 11111111110111111111111111111 1111-

1 1111111 1111111111 1 1111111, 11· 1111111, 11 1111111111 1111 ........ 1 111
11 111111111 1 1111 1111 11111111111111111111111 111111 111 11111111.
Β11111111111161111116111111,111111111,11111111111111 ....... 1111
1111111111 1111 1111111111 111 11 1111111111, 1111111 11111 11111
11111111 111111 11111111 11111111 111111 1111111 nuovo 111 ugo·

11111 11111 111111111ᾱί11.

1111 mom 1 contamino 1111111111111,111’11111, 11 tomo 11111 117
Lo 11111111 1 111 11111111111111111111 longitudino 11111111 11-

. temno 11111 111111 111611111111111 1 111 mulmento 11111·
11111,111 111111 11111 11111 1111111 11 11111111 1111 11 mm

1111111111.

‚ 11111111 vomo 1111111111111111111,1111111111...ι111

1111111111 1111 1111111111111 11 11111111, 11 11111111 111 111
, 1111111111111111111 111 11 11111111 11111111111 111 1111111, 1 11
111111 111 1111 11111111111111111111 11111111.

1111 mom a 11111111 vomo au· 11, 1· Portos, 11 11111 11111111
ou 1111111111 11111 11111111 11 1111111, 1111 1111 11111111 11 111111-
111111 11111 1111111111 11 11111111 11 6111111111 11 81111 11111111-

111 111 1111111111 11 1111111 (1111111111.Ι

tua 11111111 11111111 111111 1 1111111111, 11 Parioi, 11 111111 1111.» 111

⁸ 11111111 11 1111111111 1111111111 1111111 11111 11111111 11111111·
11111111.

tuq 11111 a 111111 111111, ac 11111, 11 ocum 1111,..,...1111

 

