111110 1631 aaa·
11 1111111111

Arcem, ’1111111111 1637 (1)

aul· 11 nuova 1111111ιί111 111111 111111 111111 Luna.

ana 11111111 111111111.1111111111111
1111 11111111111111111111 mi occorreva3 111 111 11111111
111111111111 come 11111 1111 10 prima 11111 dal mio dialogo,
111111 11 1111111111 11 Laida (1118111. 111111111, me ne
1111 1111111111 1111111111 11111 11111, 111 111 seguono 1
primi 111111, anai 11 1111111111 111 11111111ε11111111111
1111111111, cha i Sigg. 11111111· 111 abbiano mandati, masi
11111 1111111111 111111 11111 1 1111161111 1111111111
111 qualche 1111111111 111 1111111111,-11111111111111; 111111
11111111 111111111111 11111111 11111111, conforme 1 aba
111111 a· 1111111111 111111111.

11111111111 11 1111111 11111111111111111111111111111-
11111111111111111 1111 11 1111111111, cha io 111 11111
111111111111111111111111;11 che 1 1111, 11111111 111
11111111 danao (11111111111, 1111111 11111111 queste 1111
111111 11111 perturbazioni, cha mi molestam, mi 1111111 11
sonno 111 1111111111111111111 11111111 1111111111, 11 quale
111111111111111 11111111111 11111, 1111 11 11111 11111
1111111111111111111 nuova asservazioni, 11111 (1111111111
corporale 11 111 del 11111 11111 111, 11111111111 11 1111
11111111111111. 111111111111 111 11111 111111111111 11-
111111111111111 111111 (11111 Luna. 11111 quale, 11111111 da
11111111,11111111 11111 111 11111 1111111111, 111 11111 1111
111 11111 111111111 1111111111 111111; 111 1111 1111111
1ι 1111111 111111 111111111111111111 1111 111111 11111111111111·

111 1111111111 1111111111, 111. 111.. 111. 111.

 

