0110016011. 1 3117

00110, 0 110110100 seeo 0 boene, 00100 ennodi 0001011111 01-
0000 mie reliquie di pensiori 00100011010110101,’1101 po-
1010001 suo 01010 1100111011, 0100110 0000100101101100100-
0010 inscienti 100010 0011οΙ110 1110οο101010. 1100101000
00110 000 001 810001 110101, 001 110010 0110 1011001010,10-
010010 001100100011011000 01 000110,0110100”ιι111100010001-
1011110010ῐο 11101000 0000011001010 0000000101 1000010
insieme, 0 1’ 0100011100, 0000010000010 anche 01 10110 min

11101110 0001000 11 8100011100101111000 1011011 11100111-
1010 000 reverante 0110110 becio 10 meni 111. .;, ,

..··11.··11τ.’ψ,«’«1·ι ·. 1..1’·Δ

111011100110101110 01 1100010 1011010 01 1110110 0001010010 11 1011100111
01100110 0111101100, 0010 0111000 001011001010 0101101101 000110 10 0110-
mni witin 01000 0011110 1111001010 0 0101000010 h 001010 nemun 001 tii*
100111 00110 11001080100000000010000111 0110111001101110 00· 01000101 0 00110
0100111001οο10101οι0011011001100110000110110 1000000100 0 0·Ι 1001100011 10-
enit. 10 1111010000οω 0100000 ebe 0010010001001010001000111010011101
000 11010 00110 8010000 001101001000110111000101011100010100110 0000011100,
0110 00111000010711000 1101011010 in Firenne: 110 eppone 010110 nemin·
01010 0001 101101011010, 00 01000000100110000 1111 1001100110 1011110 001
10111οο11100101001100111011100,00000010110111100110101111,100110
1·-00100101010 nominato-ne 01 quenti 000 1110010101 0011101100. 00 questo int·
10000 menimento 00010 0100100111 0101111110 01 senene 1110100 0 Reme,
01101010 1111100 linei 1101010000011, 000000 001 80001010 ’100100 0100110111
mente 10000 eminente i'i 1001110 001 1011100111, 10101100 01 000 10110101 n
010010101010 000 100101001100 0 11100010, per 1011100010 00110 studio 001011·
11110 10 10111110 010010001100,010 1101101100 0110010 01 tempe* 01011 01010110
10001010. Tenue ii 001100 0011100111 000100100001000100010110,000100101010
00110, 001 1017. 8011011000 1111011010 poeto 1100000010 0000100001 neuen·
11011 100010011110- nn 11000011 ntentans 0110010001 manendumne
010000011000 00110 1101011110, 0 0110 011010 11 1101011011, noi 11 1111001 1011οέ
0100010 00 01010010 00110 stampe, 1001010000 000010 11 00010101οη10 011100-
010 00001000010000110.

 

