11111111111 111

11111ω111111111111τ1111171111111111111 11111111 111· .
11 1111111111· 11111111 111111 1111111111111111111111111111
1111111111111111η111111111111111111111111 11111 11 1111-
mnu-··,omflvormmwmm Η

mu 11111111111111,1ι’ 1111111,11111111111 ............ Pu. 111
81111111 1111111111· 1111111111 11111111 11111111111111111
1 111111111111 111111111111 1111111111 11111 11111111111111 1 Ην
1111111111111111111111111111111 11111111 11111111 1111111 111
1111111111·Ι · = ·

ummo, 111111111111111111111..............’ ......... 1111
1111111111111111111111111111 1111111111 111 11111111 111 1111· ’
111, 1111111 1111 1111111111 1 Rom 11 111111 11111· 11111 1011111
111 (1111111 1111111111 11111111111111111111 1 ·11 11111 1111111111ζ
111111 111111 11111111 111111 1111111 1111111111 111 1111111111 11111
Num 1111111111 stampati.

Δ Amilo, 11111 ........... ³ .............................. 1111
11111 11111 resistente 1111111111, 1 1111111111 11111111111111111

11111111· 11 111111 argomento.
1 1111111, 1111 ..... ¹. .................................... 1111
1111111111 111 moto delle 11111 11 111111111111111111111 11111 11-

11111111 1111111111 11111111.

1 1111111,111111111,1161111111111 ....................... 1111 «

111111111111111111111111111111111 11 1111111, 1, 111 quem
1111111111, 1111111ιί [11111111 1111111. (laedite).

1 ummo 1111111 1111111, 11· metri, 1111111111 1111 ....... 1111
11111111111111111111111111111 1111111 111 1111111111 111111
111111111111111, 1111111111 11 1111111111 1111111111 11 11111
1111, 1111 1111111161111111111 11111 1111111111, 111 1111 111 11·
mento 11 11 1111111111 1111111111 11111111 11 111 111111 111 111
111111. ·

11. 11111111, 111111111Λ111111111ὀ 111ο ....................... 1111
1111111111 1111111111 11111 1111111111,1 111111111ιί 111111111
111 1111111111 1111111.

11. 11111 1111111 1111111111 11111, 11 1111111,11111111 1111 ..... 1111 ·
11111 1111111111 111111111111111 11111111, 1111111111 11111111111111111
111 com 11111.

11. 11111 111111111111111111111111, 11 1111111,1111111 1111.. ,1 111
1111111111 11111111 111 1111111111111 commenticium (11111111.

11. nmmo, 11· Arcem, 11 111111 1111 ..................... ’.1 111
1111111111111111111111111111 111 111 11111 1111111111,1111111
il 1111111 1111111111 numero 11111 11111111 1111111 11 111 1111
1111111111 11 1111111111.

ιι 1111111111, di 1111111, 1 &nembro 1111. . . . . . . . . . . ..’ ......... 1111
1111111111 11 111111111111111 1111111111 1111 11111111111 111
1111 ’1111111111 111111 11111 1 11111111111111 11111.

11 muno, 11 1111111 settembre 1111 ..................... 1111
1111111111 1 111111111 11 111111, 1111111111 argomento 11111111-
11111 1111111.

 

