358 mmmm 111 (ummo

. V. S. 11 11111 111111111111111111111 111111111 agli 111111
suoi, 1111 11 1111111111 11 1111111111 1 (11111111 111 (11111
111, 111 (11111 1111 11111111 11 1111111111 1111111111 11 111
domanda, servasi (11111111 1111,11111111111111111,1 pre-
111111111 1111 111 11111111, 111111111111 1111111111 grado.

-Q-

Α ausuum nomnium 11101111101 Α mro

1111111, 26 1111111611 (1)

1111111111111111111111111 111 1111 1111111 1111111111.

. 1111111111 1111 11111 111 1 amun, 1111
111111. S. 11. 1. 11111111 11 presente. 11 1111111ῑι1 (1111
1111 V. S. 1111111111Ιὶ11ᾱί non 11111 111111 11111111 111
111 a 111111 1111111111 111111 mesi 1111, 1111111111 111-
111111111111111111111111 111, 1111111 gli 1111111 gii 1
111111 11 11111 1111111111 11111111 1111111111111111111 11
1111 111111111111111111111 1111111111,ι suppia 111 ma
11111111 111 11111111 111111, 111 1111111111 11111ι1111
11111 1111111111. 11111111 11111111 di 1111. luogo 111111
1111111111, come io 11111111 111 11111 1111111111 111-
11111, 11111111111111111 poca fortuna, 11 1111111111 11111111
11111 11111111 1111111111111111111111111111 1111111111 di
1111111 1111111111111111111111111111111111 per 11-
11111111111111111111111 V. S. 1 11 quello 11111. 1. 111
11111111111111, 11 1111111111 1111 11111111 111111 111111
11111 1111111111 1’ 1111 111111111111· 1 111 11111111· 11-
111111111111111 111111111111111111 11111111111111.

(1) 11111111. - 188. Gal.. Par. 1, Τ. 1, originale.

-φ-

 

