111111 11111111 1

111. 11111111111111111 1111111, 11 mem, 11 nmio 1111...Ι11ς. 1 ’

11111 111111 11111111111111111111111 11 ’11111 111111 111 m
111111 111111 11111111111111111111, 11 11111111, 11111111 1111...1 3
111 1111111 11 11111111 61111111 111 111111 1111111111 degli 1111·
1111, 111 11 monnone 11 Rom· 1 (1111111 111111111111 11 11111111

111 11111111 11111111.

1111111111111111111111,·11 11111111,1111111111111111 ..... ...1 5
1111111111 11011111111111 111111 11111111 11 1111111111111 11111
11111 1111111111. (11111111). ’

1ι 1111 mou 1 nom, 11 Firma. 1 onom 1111 ................ 1 1

- 1111111 111111111111111111111 111111111111111111111111111 811-
1101111111111111,11 11111111 111 1111111111 11 1111111111 111111
111 (11111111. (1111111 1. ¹

111111111111111111111111111,11 11111111,11 0111111 1111 ...... 1 1
1111111111 11111 1111111111111111111 11111 1111111111 111 111
unumalrnhunnledolsomnolunom. ’ “ .

1111111 11111111111111, 11 11111111, 1101111111111 ..... · ..... 1 11
111111 11111 »mium 11ἠοί 1111111111, 1 111 mn, 111111111111
01111111. (1111111).

11 11111111, 11 11111111,111111111111111 ............. < ....... 1 11
111111 111 cautiori 1 111111 1111111 11111111ιὶ11. 011111 1111111
1111111111 111111111111111111 (1111111. 1411111111 1.

111111. 11 111111, 11 tium, 11 omaso 1111 ................ 1 ¹⁵
Pnrh 11111111 11111111 111 Rom, 1 111 ofin 11 1111111111. (Min)

11111 11111111 1111111, 1111111111, 11 (1111111111 ............. 1 11
1111111111111111111111111111111 111 111111 1111 1111111111.

1 11 1111111111111 1111111111 11111111 111 nm· ⁴ ι ’
1111111111111111,1111111,11111111111111 ................. 111
ln 11111111 1111111111111 Rom, 1 1111111 111111 1111111111-

11111 111 61111111. 1111111111).

111111111111111111111111.1111111,11111111111111 .......... 111
111111 111 111 11111 11 Rom, 111111 111 111111.

1111111111,11111111,1111111111 ......................... 1 11
81111111 1111111 11 111111 argomento. (11111111).

1111111111,1111111,1111η11111 ........................ »11
11111111 111 1111111111 1111111111. (11111111).

· 11111111111111111,1111111,111111111111 .................. 111

11111111111111111111111111111111111111, 111111111111 111
11 1111111111 111 111 11111. (1111111).

 

