,111110 1637

Γ
1
Α mmmmm Buoflfflffl'l Α ΙΙΙΙΝΙΒ

Aram, 111111 1111 (1)

81 11111 111 1111 1111111 1111111 del 11111111 111, 111 1111 1111111·
1111 1Ιί 11111111.

81111111 81111111 1111111 (2111 quale 111 1111111111
111 1111111111 1111111111 111 11111111 (11111111 111 11111
1111111111111111111118,11.1;-1ο111111111111 1111 111
111 111111111111111111111111 111. 11 111 111 11111111 11111
·11111111111,11111 1111 1111111111 11111 11 ’1111111111 sig.
(1111111 111111111111 111111 1111111111111111111111 11111
V; S. 111 1111111111 1111111111111111. 11 11111111111111111111
1111111111 111 11111111-111111811.11111111111111111 11 111
1111111111 111 1111111111 11111111 1111111111 1111111111
11111 111 1111. 1111111111 111111111111811. 1111111111111,
1 111 ami. · = = =

(1) MSS. 1111111111-1111111 11 11111 1 111. 11 (11111111 l 111 111111
&meio 1111111111. · . ,

1111111111111111 111111 1111111111111111111111111 11111111 1111111 (111
1111111 11171111 11111111 111 quanto 1 111111 111111111111 111 111 111 m·
11111 11 11111111111111111 1 111. 111, 1111 111 11111111 1111 1111111 subter·
1111111111111111 11111111 111 1111111111 111 1111111111111ς 1111 1 quello
111 111 fe 1111111111 1111 111111 11111111 111 mna· 111· 1111111111 11 61111111,
1 111 11111111 11 11111111 11111 1111111111 Palatina: e 11 1111111111 11111
1111111111 111111 1111111 1111111111 11111111 11111111, 1111111 11 1111111
“U 111111 dd (1111111, Lunam 1111111111,111111 11111 111 si 11111..,11111
111-1111111111 111 1111111111111111111 1111111111111111111 11 111-
1111· 111111111, 111 111 1111111111, 1111111 1111111 11 'eruut' 11011, ⁰⁰OE
uuo Ml· 11111111111111111. 11111111 111 11111 11111111111 11111.

 

