118 inmun 0111001100

ai due 10010111, 0010100000000010010001000 00100 (i
qneiio, che eila 00010010 0 001000 10 venezia, Murano, 0
00110 01100 00011 011 remote: 101 00010 010110, quando 0001

00000, 00 0000 001 00010 010 000000000001100100 10000
questo 01011011 001000 00 0000 00001 comune agii 01101
00111101100000, 0101, che ii 10000 010 0000010 000010
0010, chesi 00000 10 quei modo, 000 1010110 minori,
000 001 1000011000 1100011001, 01 0000000 venire 0000010
0010000 dei 0000, 0 sopra di quello per 10000 100110 0000
00001011100010001,0 001 10001101000010 senze 10100000
quiete 0110000001 10110100. 000010 010110 101000000001010
venezia 0111 00110, 0 0010100000 0011010001 100000 00
000 010001 010010111 quasi 01101001 10 01000 0 0000 0 0000
0000000010 0 011000010οἀ001 0101100000 grande 101 000010 000·
11000, 0 10110 11 1100001000010,10001101000010 senze 10·
1000000 0000010 di quiete 11001010 tornet 10110100 E
Ι0001 00110 010 tenebre 00 1001001100010 00 00000 questo 00
000000011001011011 001000, ni posen 0000 000001 (ier
0001010 quiete 01 010 inquieto 0000011οε 0011001000 010
00110 01 00000, 1000001001 0000 0000 01010 00000100 01-
01110. Non 0 1001010011010010001000001 10 101010 viem
00 01 00 continuando 000 00000100 0100010 011 1000100
(1001100011, 000 10110 0 noia insidiosissima 010 00 100010,
01001οΙ 100 0110000 10110 1000 1 medici, non 010000
beneflcio 01000ος enni 0000100010 10001000 00010 000111-
01100010. Orsi 011 1000 Deo. 11011010110000000 orationi.
econ merente 010110 10 100010 10 meni.

 

