cnoflotofllco 385

16111 1 6111116 66111 6166111616 611 11116111166116166,661161
informatione 61 un colloquio 11616 66111161.

ιι 1111116116, 61 116111, 16 {mo 1116 ..................... 116. 116
16161 16111116 66116 1111161111 661161 mici. 6 6166 61 1116611616
1111116 161 01161611 1161166161 661 111616111666. (11166116).

111166611661 lom, 16 661116 1616 ....................... 6137
Pulc 161111616616 16 116161 611 61161611 1161161111. (1616116).

1116111666111 adh 16661166166 1111 cmo 61 §pagna 661 1611 ....1 161

1611616 del runa 6 0116 66161, 66 1166116 1161 1611 ............ 6 116

ιι 1111111111 11161 mummoli, 61 111616, 16 1166616 1616 ..... 1 111
(1111166611166111 6666116 66111 1666666166, 6116 111 61 1111616616·
ponendo 6111 66116 di Omna.

1111116 1611116 111116 6116166616 661 1616 6’ 6161111 661 om 111166 61 ro·
666116 61 (161116 0116 6’ 3111 1116 Ammon 111 11666116, 6611111· “
smum 61611166 aemesam 6166 11 1116111616, ’116
61666616 6116 Ι. 1161161166 61 1111666 11111161 1666116.Ι ...... 6111Ι

11166166 66116 8161616116 61 81616 61 16166116 6 661161661166666116161
61611611, neem 1.· 166 mm, 6666616 61 6661 61 11·
1161, Vm 16 61 1166611, 61666616 66616116616116611161111 6116 1611616
6116666616 ................................. · ........... 6 1511

ιι 661111 6166 ι’ 6161 1 116116, 6111111166, 16 1166661111 1616 ..... 1111
Gli 61661111611116116 661 1661161116 66111 16661166166, 11666·
61661666611611161661116 11 6111661616 1116116616 111116.

1611111666 66661116 1161 611616 1161116 6161ΙΙ 61616616 16 6661 1661666
luogo 16 magitudine ................................... 11 156

ιι 1611 616111111116116, 61 Γ1111116,16116661111111616.... ...... ι 151
161661 11 166 patrocino 161111116 66111 1666666166. ”²

· 11661166111161-11111611, 6111161116, 1611616111111616. ...tham

611 mm& 11 6116 ’11116 66111 1166611661116. · '⁵
06611616611611116 WAMM 0116 111161 116 11611116 11136616-

16116 61 61616 0111116 mechom intorno 1111666116 116116 1666116661, ’

661ὀΨ16Μ1661111161616Ν11ξ... ...................... 6161
116661161166166111116116,611161111,1611666111161616 ...... 1161

11161666 1116 6611161661 6661611616 nell· 61666666161111166116111. “ ‘

1661116116611111111116616,61 mn. 11 616116 1611 ............ 1167
11111661166116111666611111611, 61611 11111111 61666616611111116 ·
1111 6111616666.

1166111 6116611111116111, 6111161116,1161 61161111 1611 ....... 1161
611 6111166166 11116116111666111061111 6 1116611, 6661611·
61611116116661 11 116 1166611661111 166ςί166116. ’ ·

,ι 616116116616111·11161·,6161161116’,“ 1 1166611116 1611 . .’ . . . “.“. . . ,1 111
111111-66166616 6111616 661 1111116 ΙΙ(31116111 6161661111 11116 66111 ’16-
1116116 6611161611 1161111 16111 unuin· 16161111. 1111161161 ·

1161166661 16616166 1111161111, ἃ 61111111, 1111116616 1616 ..... 1116
111111 66116161 16111166ιί116ιί. 1111 1111111111 1611116661, un 61666116 11

un 66111616, 1111 1661116116 1611611 161111, 6 11 1116661111 111 11616
6 11116116 661 16116.

61111116 1161116111ιέ111,111611161666166, 1111166616 1611. .. ’..1 1111
(innuo 11111111 -Τ, vn. 19

 

