111110 1636

ΑΙ. iiiiii! iiii rniossuzio 1161111110 Δ vmisszu

Arretii, 18 0110110 1636 (1)

si 00110Ιο11 111 10011011110 1011111, 10111 (11110 10111111111110
11111001 pii 1101010 Ι’ 11101111 111 111111111100 11101011, 0 1011
1111111110 11 1101010 1101111110 11111111 11 siena.

La gratissima 0 111011111111111 1111111 11 V. 1 ii. 10111
11 111110 111 111 11111011 111 gravissima suspensione 11
111110, 1101110 0110 1010 11111111 111, 10111 (111Ιο 111 1111
111110 10111111 11111101111011, 01110 1111111 111 11111001
1011100111111111111 1111110. 11110 1001101111 11110 11-
111110 1 110110 011 10111111111 1110 10101111110110 111
110111, 111 1111 111 01111111111110111 111 10110 1111110 ore
111111 110110, 1111101111111111111100111 contigua 1111
(1110111011 precipitare 111 1101111 1100111111111111111111
1111111011 11111111 10111 1100 11111111111 00111111110
111 1011010 001 11111111111011, 11111111 000111010 11
1011111, 0 101 1011011011 mio (10111111011010, 00101111 11
101101· 10111 1101111 01111 10110 mie 01000110, 0 101-11110110
1111111011 11101110 0 11 111 1011111 1110, 0111 111 11011111
00111111 10111101111111011 1111110110. (1011110ἰὸ 101 1
100011000111110111111 (111110 11011110, 0 finalmente
1010 ω111011110111111110 11111 010 interamenta ii
11011 011 111 1011 mi 11 1101111110.

1,’1100111111110111111111 (2) 1011 procedam 11 11
Mi, 11 11 11001001, 111 11111 1111 10111110011, che in
11111 11 miei 11111 111 minimo 11 (11111110 111 111111111111;
0101 1111 011110110 111011011 101 111 esser 111 pervenire
1111111110111 111101110110. 10 11 11101 (111111111111,1 11-
110110111110 10 10 gii 1101111 11 registro di 111111110 piri
sinistri 11001111 111111ῑί111 11011 11 11111 100111 111111 0

(1111111011 1111111011. Τ. 11, pag. 511.
(11100111 11 1010 0111111011.

 

