378 1111111111 GENERALE

1 161 111611 611111 1 sitente, 6111611666, 7 166116 1666 ....... 111. 16
6116611661 611 111616116111111161616 1111 11111161 1616111, e 611 661-
16611616166166611111116 11161111166161111116 66 signore 66111666.

16161111111611111611111111611, 6111666611, 6111661116 1661....1 16
16 1161111111 lo 1661 61 66 166 componimento 11611166.

11116 11111116 1111111616161 11161, 6111666611, 66 zomon 1661. 1 16
61166111 6 1111111111 1161111111. 11616116)

111611611161111111611,6166666616 6161161666 ........... 1 16
61111 6111611611611 1111111111 11111161. 1111161111· ²⁴2 ··‘

1111611116,61Ρ66666,66.61111111666 ...................... 1 16

’ 111111 611161 6111611161 1111 61111 161161. (16161161

1661661116661111611111116116οοί161Ρ66666, 66 Novem· 1666 n 66
11111 661 16611 1111116 1116111 111111 61111161611116111111111 61 61111116.

1111116161111111161111,6111611616,1601161611661.;.... .» 61
Con (1111111 1111111, 661111 111111 61116616 61161116111111 1661111116,
61166661 11111116 16161 611 611111 611 60116611.

1116111116, 61 666666, 1661 16116111Ἢ ...................... 1 66
11111 6111116111116111 1616166 11116611 611111. (1616116).

61116. 6116111111 6111111111 61 161111, 61 Ρ66666,11116611661116661 66
6661111 11 1166661166111661 11111111 61111 611666661111 61 11116611
cun 611111111611661611111116 1616111 61111 1111161166111, 111111611
(1661111116 61 116116111661.

1111116111661116 6111116161, aa· 616666, 16661116111666 ....... 1 66
Lo ringmh 6111· 111116 111666116611611111666111. 1166116. (11161611
’1111611116 6111666116, ”mmmmm ........ 166
Lo 1111111111 61 111111666116111611161116611 11 6111116 116111 111

1111116.(1616116).

111111111611611111116161616611,617161116,1116666161666...» 11
111111 61111116111611611 11116111 61 venula. 11616116). .

111161111661111666166701161111666..............,.1....,...1 66
11111 61161161 gravo 1111111111. (16161161

1111 6. 6116111111 61111111611611111 61 Ρ66666,611111111111661....1 os
11 1161661661 11 1161616 6116111 1111611616 11111116 61 1611111116·
61611.

1161116111661111111116116111, 6111616666, 6611111116 1611 ..... 1 61
(111 66 1616116111661 611 1616116 1116166161 116111611116116)

11 11111111 cosmo 61· 116161, 61· Ρ66666, 61 116116 1161 ......... 1 16
oo 611661 661111 61111 111 Dolon 666116 olla 6616111111 1 mm
66 1616611661 cm, 6161161111111661611611116111 1116 1611111111
16161611161611111 611061111611611161111166616.(1616116). .

16611161166111611 1111161161 1166611116 lovomontem .“ ....... 1 11

Propone 1Ι Principe Godmo 1111111116 6’ 161 stupeno· 6111111111.
11 11611116, 61· 166666, 1 Genucio 1661 ..................... 1. oo

61111111 1 argomento 611111311161111. (1616116).
1111111116 111111, 61· 666666, 6 mono 1666 ................. 1 16

11111 11116 111116 argomento 61111 (11616111. (16161161. .
11 1116111116, di Pedona, 111161161666 ......... 1 .............. 1, 16
51111111 1· 1116611616 61111 1111161111. (inedito).

 

