³96 ’1111111111 1111111111
nso. 1111111111 111 11111111·1111ῃ,111111111111 questo 11-

1111111111.

Eua 11111111 a 11. 01111111111111111111, 1111111111, 11 1111111111111111. 111
11111111111-11111111 11111 inponis· 1111111111 Rodum-mo ugo·
11111111 111111111111011111111111111111111111111111111111 11111
tuto coln il 11111111 11 interno 11111111.

11. eumaem. vm 111111, 11 mem, 1111111111...» 111 ·
’11111 1 111111111111 111111111111111111111111111111111Ιμι1111
111 sno 1111111111 111111 1111111 11 11111 11111111111111111111υ111
111 munimento· 1111111111.

1 11111111 ιι 11 mom, 11 Arum, 111 1111 ................. 1 111
11111111111111 111111111111 quel 11, 111 1111111 1111111111 111 111
1111111111, 1111111111-11 111 111111 potato 11111111 11111111111111-
11111111111111111, 1111 11111 11 11111 1111111111

11 mn 1111111111 numu 1 nom, 111111111,11 octobre 1117.» 111
111111 11 1111111111111111111111 11111111111111 11111111111111111111·
1111111 11 em 11111111

11 mu 111111111111111111111 vomu, 1111111111 Novom 11111 111
11111 11111 111 imminente 111111111111, 1 111 111111 1111111111 111
111111 11111111, 11111 11111111 11111 1111111111, n 1111111111.

11 mutuo. 11 metri, 1 umbre 1111 ..... > ................ 1 111
11111 11 11111 111111111111 11111111111 1111111111,

11 1111111 muman 11111111, 11 Arcem, 1 Novam 1111 ...... 1 111
11 11111111 1 111111 11111111 11111111 11 111111 1111111111, 1111111111
11 111 1111111111111 11 11111111 111 11111111 11111111111111111111111

longitudini.

11111111111111111111111111111 11111111, 11 lm, 11 Noom-

111 1117 .............................................. 1111
11111 11111 8111111111 1111111111 1 1111111111111 11 11111 11 111 11-
11111111111111111111111 1111111111111 111 1111111111 11 111111-
1111 11 11111111 11 cremon· o 11 11111111 1111111 111111.

1 nmmo 1111111 in 01111, 11 Arcem, 11 membra 1111 ....... 1111
'baddau 11 111111 111 1111111111 11111 quello 1111 11111 1111111111

11111111 11 11111111111111 1111111111111 1111111111 111.

1 nsum: 1111111111 11111111, 11 Arcem, 1 oemio 1111 ......... 1 111
1111111111111111111111 1101111111 1111111111, 111 11 11111
1111111111111 11111 libro 111 1111111111 path 11111 1111111111, ·
1 1111111111 1 1111111111 guum 1111111111 1111111 11111111 11
poter 111111 11111 1111111111 conmunione 111 (11111111. 1 Imma)

· 11111 1111111 11111111. 11 Arcem, 1 Gamzo 1111 .............. 1111
1111111 11 111 111111 111111.

11 11111111111111111, 11 ammio 1111 ...................... 1111
(1111111111111111111, 1111 1111111111111111111 11 1111111111.

11 com 11 11111111 1 111111, 11 Arcem ‚ 1 1111111111 .......... 1 111
1111111111 11111 1111111111 1111111111 11111 unove 1111111. .

1 acaunum 1111111111 1 1111111, 11 mem, 11 omno 1111. -i 111
11111111 111111111111111 1111 11 11111111.

11 mn 1111111111 11111111 1 111111,11 1111111, 11 1111111111...» 111

 

