³82 111111 11111111

111111111 11 111111 1111111111 11111111111 l’ 11 1111111111, 11111
11 11111 11 111111111 1111111111 dell: 11111111 11111 1111 1111·
1111.

11111111111111111111, 111111 selvo, 11 1111111111 1111 ....... ’. 111. 111
1111111111 1 111 11111 11, 11111 quale 11 11111 111 11111111 inform·-
11111 111111111111, 111111 111111111 111 11 11111111111111111 lu

, Pin, 11111111 1111111 11111 morlo 111111111111111 111111111 1111111
11 1111111111 111 111 1111111111 111 11 vilugio 11 Roma.

11111111111111 1 1111111, 11111111111111111111 1111 ........ 1 111
llll 11111111 1111 111111111111 11111111, 11111 11111111111 1111111,
111111 11111111111111111111111111 1111 11 queste 111111 11 81111111
(11111111111.

11111111 1111111111 1111111111111, 1111111111, 1111111 1111 ..... 1 111
Sl 1111111 111 11111111111 1111111111 1111 1111111 1111111111- ,
,1111111111111111111 111 111111 11111111 1111111111 11111111 111

- 111111.

1 111111111 11111 1 Plu, 11 Famae 11 uano 1111 .............. 1 111

1111111 1111111 1111 1111 11111 (31111111111111111 1111111111111 1111
⁴ 1111 11111111 111 111111, 1 111 1111111111 1111111111111 11111111.
(11111111).

Δ 11111111111111111 ..................................... 1 111
1111111111 qui 111111 11111 111 11111111 1111111, 1 1111111 111111
111111111111111811111111 11 111111.

1 11111111 111’ 111111 1 Paga, 111111 1111 .................... 1 111
111111 11111 1111 propri· 11111 stello 11111.

1 11111111111111 1 11111111, 111111, 1 Apulo 1111 ............... 1 115
11111111 111 1111111111 ln 111111. 11’11111111111111>.01111111
11111111111 11111111 1111111 11 11111111111111, 1 1111111111 111
111111 11111111 11 ‘langor 11111111 determinare 11111111 11111 1111
1111111111.

1 11111111, Rom, 11 April« 1111 ........................... 1 111
llll 11 11111111111111 111111 ln nomm gli 1111111111 1111111 111
1111111 1111111111 111111 ΙΙ libro 111 91111.

11111111111111111111111,111111,11 ,1111111111 ............... 1111
11111111 11 potor nllmlm 111 1111111 1111111 1111 1111111 1111111,

11 1111111111 11111 11111111 1111111111111111111111111111, 1111111 11
111111 11111 allon 11111 1111111111. (11111111).

1 11111111111111111111 111111, 1111111, 11 namo 11111.Ι ....... 1 111
1111111111 (1111111111111 1111111111 11111111 11111111111111 11111
111111 1111111111 111111 1111111111 1111 111111111.

1 1111111111111111111 1 111111, 1111111111, 1 0111111 1111 ....... 1 111
Lo 111111 111 1111 111111 1111111111111111111111 1111111111111111111
11111 111111111111 soluti 111 1111111111.

11 11111111 11111111 11111 111111, 1111111111, 11 nmmo 1111.. . ,1 m
111111111111 1 11111 11 1111111 11111111 11111, 11111 111111 11111111
1111111111111 1111111111(111111111111111111 1111111111 umbro r
1111111 lu 11 Rom· 11111 11111111111,111111111 11111 111 111111 1
lello 11111111111111.

 

